 a = 
   1.0000000000000000        4.0000000000000000     
   2.0000000000000000        5.0000000000000000     
   3.0000000000000000        6.0000000000000000     
 b = 
   1.0000000000000000        2.0000000000000000        3.0000000000000000     
   4.0000000000000000        5.0000000000000000        6.0000000000000000     
 c = 
   17.000000000000000        22.000000000000000        27.000000000000000     
   22.000000000000000        29.000000000000000        36.000000000000000     
   27.000000000000000        36.000000000000000        45.000000000000000     
 x =    5.0000000000000000        6.0000000000000000     
 y =    29.000000000000000        40.000000000000000        51.000000000000000     
